solid Exported from Blender-2.80 (sub 75)
facet normal -0.000107 0.000000 -1.000000
outer loop
vertex -0.000146 0.000736 0.070000
vertex -0.000074 0.000746 0.070000
vertex -0.000000 0.000750 0.070000
endloop
endfacet
facet normal 0.000214 0.000000 -1.000000
outer loop
vertex -0.000000 0.000750 0.070000
vertex 0.000074 0.000746 0.070000
vertex 0.000146 0.000736 0.070000
endloop
endfacet
facet normal -0.000428 0.000000 -1.000000
outer loop
vertex 0.000146 0.000736 0.070000
vertex 0.000218 0.000718 0.070000
vertex 0.000287 0.000693 0.070000
endloop
endfacet
facet normal 0.000857 0.001820 -0.999998
outer loop
vertex 0.000287 0.000693 0.070000
vertex 0.000354 0.000661 0.070000
vertex 0.000417 0.000624 0.070000
endloop
endfacet
facet normal 0.000000 0.000000 -1.000000
outer loop
vertex 0.000417 0.000624 0.070000
vertex 0.000476 0.000580 0.070000
vertex 0.000530 0.000530 0.070000
endloop
endfacet
facet normal 0.001712 0.000000 -0.999999
outer loop
vertex 0.000530 0.000530 0.070000
vertex 0.000580 0.000476 0.070000
vertex 0.000624 0.000417 0.070000
endloop
endfacet
facet normal 0.000000 0.000000 -1.000000
outer loop
vertex 0.000624 0.000417 0.070000
vertex 0.000661 0.000354 0.070000
vertex 0.000693 0.000287 0.070000
endloop
endfacet
facet normal 0.001714 0.000251 -0.999999
outer loop
vertex 0.000693 0.000287 0.070000
vertex 0.000718 0.000218 0.070000
vertex 0.000736 0.000146 0.070000
endloop
endfacet
facet normal 0.001712 0.000152 -0.999999
outer loop
vertex 0.000736 0.000146 0.070000
vertex 0.000746 0.000074 0.070000
vertex 0.000750 0.000000 0.070000
endloop
endfacet
facet normal 0.001712 -0.000152 -0.999999
outer loop
vertex 0.000750 0.000000 0.070000
vertex 0.000746 -0.000074 0.070000
vertex 0.000736 -0.000146 0.070000
endloop
endfacet
facet normal 0.001714 -0.000251 -0.999999
outer loop
vertex 0.000736 -0.000146 0.070000
vertex 0.000718 -0.000218 0.070000
vertex 0.000693 -0.000287 0.070000
endloop
endfacet
facet normal 0.000000 0.000000 -1.000000
outer loop
vertex 0.000693 -0.000287 0.070000
vertex 0.000661 -0.000354 0.070000
vertex 0.000624 -0.000417 0.070000
endloop
endfacet
facet normal 0.001712 0.000000 -0.999999
outer loop
vertex 0.000624 -0.000417 0.070000
vertex 0.000580 -0.000476 0.070000
vertex 0.000530 -0.000530 0.070000
endloop
endfacet
facet normal 0.000000 0.000000 -1.000000
outer loop
vertex 0.000530 -0.000530 0.070000
vertex 0.000476 -0.000580 0.070000
vertex 0.000417 -0.000624 0.070000
endloop
endfacet
facet normal 0.000857 -0.001820 -0.999998
outer loop
vertex 0.000417 -0.000624 0.070000
vertex 0.000354 -0.000661 0.070000
vertex 0.000287 -0.000693 0.070000
endloop
endfacet
facet normal -0.000428 0.000000 -1.000000
outer loop
vertex 0.000287 -0.000693 0.070000
vertex 0.000218 -0.000718 0.070000
vertex 0.000146 -0.000736 0.070000
endloop
endfacet
facet normal 0.000107 0.000000 -1.000000
outer loop
vertex 0.000146 -0.000736 0.070000
vertex 0.000074 -0.000746 0.070000
vertex -0.000000 -0.000750 0.070000
endloop
endfacet
facet normal -0.000214 0.000000 -1.000000
outer loop
vertex -0.000000 -0.000750 0.070000
vertex -0.000074 -0.000746 0.070000
vertex -0.000146 -0.000736 0.070000
endloop
endfacet
facet normal 0.000428 0.000000 -1.000000
outer loop
vertex -0.000146 -0.000736 0.070000
vertex -0.000218 -0.000718 0.070000
vertex -0.000287 -0.000693 0.070000
endloop
endfacet
facet normal -0.000857 0.000000 -1.000000
outer loop
vertex -0.000287 -0.000693 0.070000
vertex -0.000354 -0.000661 0.070000
vertex -0.000417 -0.000624 0.070000
endloop
endfacet
facet normal 0.000000 0.000000 -1.000000
outer loop
vertex -0.000417 -0.000624 0.070000
vertex -0.000476 -0.000580 0.070000
vertex -0.000530 -0.000530 0.070000
endloop
endfacet
facet normal -0.001712 0.000693 -0.999998
outer loop
vertex -0.000530 -0.000530 0.070000
vertex -0.000580 -0.000476 0.070000
vertex -0.000624 -0.000417 0.070000
endloop
endfacet
facet normal 0.000000 0.000442 -1.000000
outer loop
vertex -0.000624 -0.000417 0.070000
vertex -0.000661 -0.000354 0.070000
vertex -0.000693 -0.000287 0.070000
endloop
endfacet
facet normal 0.000000 0.000000 -1.000000
outer loop
vertex -0.000693 -0.000287 0.070000
vertex -0.000718 -0.000218 0.070000
vertex -0.000736 -0.000146 0.070000
endloop
endfacet
facet normal 0.000000 0.000000 -1.000000
outer loop
vertex -0.000736 -0.000146 0.070000
vertex -0.000746 -0.000074 0.070000
vertex -0.000750 -0.000000 0.070000
endloop
endfacet
facet normal 0.000000 0.000000 -1.000000
outer loop
vertex -0.000750 -0.000000 0.070000
vertex -0.000746 0.000074 0.070000
vertex -0.000736 0.000146 0.070000
endloop
endfacet
facet normal 0.000000 0.000000 -1.000000
outer loop
vertex -0.000736 0.000146 0.070000
vertex -0.000718 0.000218 0.070000
vertex -0.000693 0.000287 0.070000
endloop
endfacet
facet normal 0.000000 -0.000442 -1.000000
outer loop
vertex -0.000693 0.000287 0.070000
vertex -0.000661 0.000354 0.070000
vertex -0.000624 0.000417 0.070000
endloop
endfacet
facet normal -0.001712 -0.000693 -0.999998
outer loop
vertex -0.000624 0.000417 0.070000
vertex -0.000580 0.000476 0.070000
vertex -0.000530 0.000530 0.070000
endloop
endfacet
facet normal 0.000000 0.000000 -1.000000
outer loop
vertex -0.000530 0.000530 0.070000
vertex -0.000476 0.000580 0.070000
vertex -0.000417 0.000624 0.070000
endloop
endfacet
facet normal -0.000857 0.000000 -1.000000
outer loop
vertex -0.000417 0.000624 0.070000
vertex -0.000354 0.000661 0.070000
vertex -0.000287 0.000693 0.070000
endloop
endfacet
facet normal 0.000428 0.000000 -1.000000
outer loop
vertex -0.000287 0.000693 0.070000
vertex -0.000218 0.000718 0.070000
vertex -0.000146 0.000736 0.070000
endloop
endfacet
facet normal 0.000000 0.000000 -1.000000
outer loop
vertex -0.000146 0.000736 0.070000
vertex -0.000000 0.000750 0.070000
vertex 0.000146 0.000736 0.070000
endloop
endfacet
facet normal 0.000000 0.000000 -1.000000
outer loop
vertex 0.000146 0.000736 0.070000
vertex 0.000287 0.000693 0.070000
vertex 0.000417 0.000624 0.070000
endloop
endfacet
facet normal -0.000431 0.000000 -1.000000
outer loop
vertex 0.000417 0.000624 0.070000
vertex 0.000530 0.000530 0.070000
vertex 0.000624 0.000417 0.070000
endloop
endfacet
facet normal 0.000862 -0.000122 -1.000000
outer loop
vertex 0.000624 0.000417 0.070000
vertex 0.000693 0.000287 0.070000
vertex 0.000736 0.000146 0.070000
endloop
endfacet
facet normal -0.001726 0.000000 -0.999999
outer loop
vertex 0.000736 0.000146 0.070000
vertex 0.000750 0.000000 0.070000
vertex 0.000736 -0.000146 0.070000
endloop
endfacet
facet normal 0.000862 0.000122 -1.000000
outer loop
vertex 0.000736 -0.000146 0.070000
vertex 0.000693 -0.000287 0.070000
vertex 0.000624 -0.000417 0.070000
endloop
endfacet
facet normal -0.000431 0.000000 -1.000000
outer loop
vertex 0.000624 -0.000417 0.070000
vertex 0.000530 -0.000530 0.070000
vertex 0.000417 -0.000624 0.070000
endloop
endfacet
facet normal -0.000108 0.000000 -1.000000
outer loop
vertex 0.000417 -0.000624 0.070000
vertex 0.000287 -0.000693 0.070000
vertex 0.000146 -0.000736 0.070000
endloop
endfacet
facet normal 0.000000 0.000000 -1.000000
outer loop
vertex 0.000146 -0.000736 0.070000
vertex -0.000000 -0.000750 0.070000
vertex -0.000146 -0.000736 0.070000
endloop
endfacet
facet normal 0.000000 0.000000 -1.000000
outer loop
vertex -0.000146 -0.000736 0.070000
vertex -0.000287 -0.000693 0.070000
vertex -0.000417 -0.000624 0.070000
endloop
endfacet
facet normal 0.000431 0.000201 -1.000000
outer loop
vertex -0.000417 -0.000624 0.070000
vertex -0.000530 -0.000530 0.070000
vertex -0.000624 -0.000417 0.070000
endloop
endfacet
facet normal -0.000863 0.000075 -1.000000
outer loop
vertex -0.000624 -0.000417 0.070000
vertex -0.000693 -0.000287 0.070000
vertex -0.000736 -0.000146 0.070000
endloop
endfacet
facet normal 0.000000 0.000000 -1.000000
outer loop
vertex -0.000736 -0.000146 0.070000
vertex -0.000750 -0.000000 0.070000
vertex -0.000736 0.000146 0.070000
endloop
endfacet
facet normal -0.000863 -0.000075 -1.000000
outer loop
vertex -0.000736 0.000146 0.070000
vertex -0.000693 0.000287 0.070000
vertex -0.000624 0.000417 0.070000
endloop
endfacet
facet normal 0.000431 -0.000201 -1.000000
outer loop
vertex -0.000624 0.000417 0.070000
vertex -0.000530 0.000530 0.070000
vertex -0.000417 0.000624 0.070000
endloop
endfacet
facet normal 0.000108 0.000000 -1.000000
outer loop
vertex -0.000417 0.000624 0.070000
vertex -0.000287 0.000693 0.070000
vertex -0.000146 0.000736 0.070000
endloop
endfacet
facet normal 0.000000 0.000000 -1.000000
outer loop
vertex -0.000146 0.000736 0.070000
vertex 0.000146 0.000736 0.070000
vertex 0.000417 0.000624 0.070000
endloop
endfacet
facet normal 0.000000 -0.000047 -1.000000
outer loop
vertex 0.000417 0.000624 0.070000
vertex 0.000624 0.000417 0.070000
vertex 0.000736 0.000146 0.070000
endloop
endfacet
facet normal 0.000111 0.000000 -1.000000
outer loop
vertex 0.000736 0.000146 0.070000
vertex 0.000736 -0.000146 0.070000
vertex 0.000624 -0.000417 0.070000
endloop
endfacet
facet normal 0.000000 0.000000 -1.000000
outer loop
vertex 0.000624 -0.000417 0.070000
vertex 0.000417 -0.000624 0.070000
vertex 0.000146 -0.000736 0.070000
endloop
endfacet
facet normal 0.000000 0.000000 -1.000000
outer loop
vertex 0.000146 -0.000736 0.070000
vertex -0.000146 -0.000736 0.070000
vertex -0.000417 -0.000624 0.070000
endloop
endfacet
facet normal 0.000000 -0.000073 -1.000000
outer loop
vertex -0.000417 -0.000624 0.070000
vertex -0.000624 -0.000417 0.070000
vertex -0.000736 -0.000146 0.070000
endloop
endfacet
facet normal 0.000111 0.000000 -1.000000
outer loop
vertex -0.000736 -0.000146 0.070000
vertex -0.000736 0.000146 0.070000
vertex -0.000624 0.000417 0.070000
endloop
endfacet
facet normal 0.000000 -0.000061 -1.000000
outer loop
vertex -0.000624 0.000417 0.070000
vertex -0.000417 0.000624 0.070000
vertex -0.000146 0.000736 0.070000
endloop
endfacet
facet normal 0.000000 -0.000018 -1.000000
outer loop
vertex -0.000146 0.000736 0.070000
vertex 0.000417 0.000624 0.070000
vertex 0.000736 0.000146 0.070000
endloop
endfacet
facet normal -0.000031 0.000015 -1.000000
outer loop
vertex 0.000736 0.000146 0.070000
vertex 0.000624 -0.000417 0.070000
vertex 0.000146 -0.000736 0.070000
endloop
endfacet
facet normal 0.000000 0.000000 -1.000000
outer loop
vertex 0.000146 -0.000736 0.070000
vertex -0.000417 -0.000624 0.070000
vertex -0.000736 -0.000146 0.070000
endloop
endfacet
facet normal 0.000031 0.000019 -1.000000
outer loop
vertex -0.000736 -0.000146 0.070000
vertex -0.000624 0.000417 0.070000
vertex -0.000146 0.000736 0.070000
endloop
endfacet
facet normal 0.000013 0.000002 -1.000000
outer loop
vertex -0.000146 0.000736 0.070000
vertex 0.000736 0.000146 0.070000
vertex 0.000146 -0.000736 0.070000
endloop
endfacet
facet normal -0.000013 0.000000 -1.000000
outer loop
vertex 0.000146 -0.000736 0.070000
vertex -0.000736 -0.000146 0.070000
vertex -0.000146 0.000736 0.070000
endloop
endfacet
endsolid Exported from Blender-2.80 (sub 75)
