solid Exported from Blender-2.80 (sub 75)
facet normal 0.000054 0.001027 -0.999999
outer loop
vertex -0.000146 0.000736 0.040000
vertex -0.000074 0.000746 0.040000
vertex -0.000000 0.000750 0.040000
endloop
endfacet
facet normal 0.000000 0.000511 -1.000000
outer loop
vertex -0.000000 0.000750 0.040000
vertex 0.000074 0.000746 0.040000
vertex 0.000146 0.000736 0.040000
endloop
endfacet
facet normal -0.000428 0.000000 -1.000000
outer loop
vertex 0.000146 0.000736 0.040000
vertex 0.000218 0.000718 0.040000
vertex 0.000287 0.000693 0.040000
endloop
endfacet
facet normal 0.000000 0.000000 -1.000000
outer loop
vertex 0.000287 0.000693 0.040000
vertex 0.000354 0.000661 0.040000
vertex 0.000417 0.000624 0.040000
endloop
endfacet
facet normal -0.000856 0.000000 -1.000000
outer loop
vertex 0.000417 0.000624 0.040000
vertex 0.000476 0.000580 0.040000
vertex 0.000530 0.000530 0.040000
endloop
endfacet
facet normal -0.001712 -0.000654 -0.999998
outer loop
vertex 0.000530 0.000530 0.040000
vertex 0.000580 0.000476 0.040000
vertex 0.000624 0.000417 0.040000
endloop
endfacet
facet normal 0.000000 0.000000 -1.000000
outer loop
vertex 0.000624 0.000417 0.040000
vertex 0.000661 0.000354 0.040000
vertex 0.000693 0.000287 0.040000
endloop
endfacet
facet normal -0.000856 -0.000174 -1.000000
outer loop
vertex 0.000693 0.000287 0.040000
vertex 0.000718 0.000218 0.040000
vertex 0.000736 0.000146 0.040000
endloop
endfacet
facet normal -0.000856 -0.000051 -1.000000
outer loop
vertex 0.000736 0.000146 0.040000
vertex 0.000746 0.000074 0.040000
vertex 0.000750 0.000000 0.040000
endloop
endfacet
facet normal -0.000856 0.000051 -1.000000
outer loop
vertex 0.000750 0.000000 0.040000
vertex 0.000746 -0.000074 0.040000
vertex 0.000736 -0.000146 0.040000
endloop
endfacet
facet normal -0.000856 0.000174 -1.000000
outer loop
vertex 0.000736 -0.000146 0.040000
vertex 0.000718 -0.000218 0.040000
vertex 0.000693 -0.000287 0.040000
endloop
endfacet
facet normal 0.000000 0.000000 -1.000000
outer loop
vertex 0.000693 -0.000287 0.040000
vertex 0.000661 -0.000354 0.040000
vertex 0.000624 -0.000417 0.040000
endloop
endfacet
facet normal -0.001712 0.000654 -0.999998
outer loop
vertex 0.000624 -0.000417 0.040000
vertex 0.000580 -0.000476 0.040000
vertex 0.000530 -0.000530 0.040000
endloop
endfacet
facet normal -0.000856 0.000000 -1.000000
outer loop
vertex 0.000530 -0.000530 0.040000
vertex 0.000476 -0.000580 0.040000
vertex 0.000417 -0.000624 0.040000
endloop
endfacet
facet normal 0.000000 0.000000 -1.000000
outer loop
vertex 0.000417 -0.000624 0.040000
vertex 0.000354 -0.000661 0.040000
vertex 0.000287 -0.000693 0.040000
endloop
endfacet
facet normal -0.000214 0.000000 -1.000000
outer loop
vertex 0.000287 -0.000693 0.040000
vertex 0.000218 -0.000718 0.040000
vertex 0.000146 -0.000736 0.040000
endloop
endfacet
facet normal 0.000054 -0.000511 -1.000000
outer loop
vertex 0.000146 -0.000736 0.040000
vertex 0.000074 -0.000746 0.040000
vertex -0.000000 -0.000750 0.040000
endloop
endfacet
facet normal 0.000107 -0.001027 -0.999999
outer loop
vertex -0.000000 -0.000750 0.040000
vertex -0.000074 -0.000746 0.040000
vertex -0.000146 -0.000736 0.040000
endloop
endfacet
facet normal 0.000000 0.000501 -1.000000
outer loop
vertex -0.000146 -0.000736 0.040000
vertex -0.000218 -0.000718 0.040000
vertex -0.000287 -0.000693 0.040000
endloop
endfacet
facet normal 0.000857 0.000910 -0.999999
outer loop
vertex -0.000287 -0.000693 0.040000
vertex -0.000354 -0.000661 0.040000
vertex -0.000417 -0.000624 0.040000
endloop
endfacet
facet normal 0.000856 0.000000 -1.000000
outer loop
vertex -0.000417 -0.000624 0.040000
vertex -0.000476 -0.000580 0.040000
vertex -0.000530 -0.000530 0.040000
endloop
endfacet
facet normal 0.001712 0.000654 -0.999998
outer loop
vertex -0.000530 -0.000530 0.040000
vertex -0.000580 -0.000476 0.040000
vertex -0.000624 -0.000417 0.040000
endloop
endfacet
facet normal -0.000856 -0.000265 -1.000000
outer loop
vertex -0.000624 -0.000417 0.040000
vertex -0.000661 -0.000354 0.040000
vertex -0.000693 -0.000287 0.040000
endloop
endfacet
facet normal 0.000856 0.000174 -1.000000
outer loop
vertex -0.000693 -0.000287 0.040000
vertex -0.000718 -0.000218 0.040000
vertex -0.000736 -0.000146 0.040000
endloop
endfacet
facet normal -0.000856 -0.000076 -1.000000
outer loop
vertex -0.000736 -0.000146 0.040000
vertex -0.000746 -0.000074 0.040000
vertex -0.000750 -0.000000 0.040000
endloop
endfacet
facet normal -0.000856 0.000076 -1.000000
outer loop
vertex -0.000750 -0.000000 0.040000
vertex -0.000746 0.000074 0.040000
vertex -0.000736 0.000146 0.040000
endloop
endfacet
facet normal 0.000856 -0.000174 -1.000000
outer loop
vertex -0.000736 0.000146 0.040000
vertex -0.000718 0.000218 0.040000
vertex -0.000693 0.000287 0.040000
endloop
endfacet
facet normal -0.000856 0.000265 -1.000000
outer loop
vertex -0.000693 0.000287 0.040000
vertex -0.000661 0.000354 0.040000
vertex -0.000624 0.000417 0.040000
endloop
endfacet
facet normal 0.001712 -0.000654 -0.999998
outer loop
vertex -0.000624 0.000417 0.040000
vertex -0.000580 0.000476 0.040000
vertex -0.000530 0.000530 0.040000
endloop
endfacet
facet normal 0.000856 0.000000 -1.000000
outer loop
vertex -0.000530 0.000530 0.040000
vertex -0.000476 0.000580 0.040000
vertex -0.000417 0.000624 0.040000
endloop
endfacet
facet normal 0.000857 -0.000910 -0.999999
outer loop
vertex -0.000417 0.000624 0.040000
vertex -0.000354 0.000661 0.040000
vertex -0.000287 0.000693 0.040000
endloop
endfacet
facet normal 0.000000 -0.000501 -1.000000
outer loop
vertex -0.000287 0.000693 0.040000
vertex -0.000218 0.000718 0.040000
vertex -0.000146 0.000736 0.040000
endloop
endfacet
facet normal 0.000000 -0.000129 -1.000000
outer loop
vertex -0.000146 0.000736 0.040000
vertex -0.000000 0.000750 0.040000
vertex 0.000146 0.000736 0.040000
endloop
endfacet
facet normal -0.000108 0.000000 -1.000000
outer loop
vertex 0.000146 0.000736 0.040000
vertex 0.000287 0.000693 0.040000
vertex 0.000417 0.000624 0.040000
endloop
endfacet
facet normal 0.000000 0.000000 -1.000000
outer loop
vertex 0.000417 0.000624 0.040000
vertex 0.000530 0.000530 0.040000
vertex 0.000624 0.000417 0.040000
endloop
endfacet
facet normal 0.000000 -0.000061 -1.000000
outer loop
vertex 0.000624 0.000417 0.040000
vertex 0.000693 0.000287 0.040000
vertex 0.000736 0.000146 0.040000
endloop
endfacet
facet normal -0.000431 0.000000 -1.000000
outer loop
vertex 0.000736 0.000146 0.040000
vertex 0.000750 0.000000 0.040000
vertex 0.000736 -0.000146 0.040000
endloop
endfacet
facet normal 0.000000 0.000061 -1.000000
outer loop
vertex 0.000736 -0.000146 0.040000
vertex 0.000693 -0.000287 0.040000
vertex 0.000624 -0.000417 0.040000
endloop
endfacet
facet normal 0.000000 0.000000 -1.000000
outer loop
vertex 0.000624 -0.000417 0.040000
vertex 0.000530 -0.000530 0.040000
vertex 0.000417 -0.000624 0.040000
endloop
endfacet
facet normal -0.000054 0.000000 -1.000000
outer loop
vertex 0.000417 -0.000624 0.040000
vertex 0.000287 -0.000693 0.040000
vertex 0.000146 -0.000736 0.040000
endloop
endfacet
facet normal 0.000000 0.000129 -1.000000
outer loop
vertex 0.000146 -0.000736 0.040000
vertex -0.000000 -0.000750 0.040000
vertex -0.000146 -0.000736 0.040000
endloop
endfacet
facet normal -0.000108 -0.000115 -1.000000
outer loop
vertex -0.000146 -0.000736 0.040000
vertex -0.000287 -0.000693 0.040000
vertex -0.000417 -0.000624 0.040000
endloop
endfacet
facet normal 0.000000 0.000000 -1.000000
outer loop
vertex -0.000417 -0.000624 0.040000
vertex -0.000530 -0.000530 0.040000
vertex -0.000624 -0.000417 0.040000
endloop
endfacet
facet normal 0.000216 0.000099 -1.000000
outer loop
vertex -0.000624 -0.000417 0.040000
vertex -0.000693 -0.000287 0.040000
vertex -0.000736 -0.000146 0.040000
endloop
endfacet
facet normal 0.000431 0.000000 -1.000000
outer loop
vertex -0.000736 -0.000146 0.040000
vertex -0.000750 -0.000000 0.040000
vertex -0.000736 0.000146 0.040000
endloop
endfacet
facet normal 0.000216 -0.000099 -1.000000
outer loop
vertex -0.000736 0.000146 0.040000
vertex -0.000693 0.000287 0.040000
vertex -0.000624 0.000417 0.040000
endloop
endfacet
facet normal 0.000000 0.000000 -1.000000
outer loop
vertex -0.000624 0.000417 0.040000
vertex -0.000530 0.000530 0.040000
vertex -0.000417 0.000624 0.040000
endloop
endfacet
facet normal -0.000108 0.000115 -1.000000
outer loop
vertex -0.000417 0.000624 0.040000
vertex -0.000287 0.000693 0.040000
vertex -0.000146 0.000736 0.040000
endloop
endfacet
facet normal 0.000028 0.000031 -1.000000
outer loop
vertex -0.000146 0.000736 0.040000
vertex 0.000146 0.000736 0.040000
vertex 0.000417 0.000624 0.040000
endloop
endfacet
facet normal 0.000000 -0.000024 -1.000000
outer loop
vertex 0.000417 0.000624 0.040000
vertex 0.000624 0.000417 0.040000
vertex 0.000736 0.000146 0.040000
endloop
endfacet
facet normal -0.000111 0.000000 -1.000000
outer loop
vertex 0.000736 0.000146 0.040000
vertex 0.000736 -0.000146 0.040000
vertex 0.000624 -0.000417 0.040000
endloop
endfacet
facet normal 0.000028 0.000000 -1.000000
outer loop
vertex 0.000624 -0.000417 0.040000
vertex 0.000417 -0.000624 0.040000
vertex 0.000146 -0.000736 0.040000
endloop
endfacet
facet normal 0.000028 0.000064 -1.000000
outer loop
vertex 0.000146 -0.000736 0.040000
vertex -0.000146 -0.000736 0.040000
vertex -0.000417 -0.000624 0.040000
endloop
endfacet
facet normal -0.000056 0.000000 -1.000000
outer loop
vertex -0.000417 -0.000624 0.040000
vertex -0.000624 -0.000417 0.040000
vertex -0.000736 -0.000146 0.040000
endloop
endfacet
facet normal 0.000111 0.000000 -1.000000
outer loop
vertex -0.000736 -0.000146 0.040000
vertex -0.000736 0.000146 0.040000
vertex -0.000624 0.000417 0.040000
endloop
endfacet
facet normal -0.000056 0.000024 -1.000000
outer loop
vertex -0.000624 0.000417 0.040000
vertex -0.000417 0.000624 0.040000
vertex -0.000146 0.000736 0.040000
endloop
endfacet
facet normal 0.000016 -0.000004 -1.000000
outer loop
vertex -0.000146 0.000736 0.040000
vertex 0.000417 0.000624 0.040000
vertex 0.000736 0.000146 0.040000
endloop
endfacet
facet normal 0.000008 0.000008 -1.000000
outer loop
vertex 0.000736 0.000146 0.040000
vertex 0.000624 -0.000417 0.040000
vertex 0.000146 -0.000736 0.040000
endloop
endfacet
facet normal 0.000000 0.000000 -1.000000
outer loop
vertex 0.000146 -0.000736 0.040000
vertex -0.000417 -0.000624 0.040000
vertex -0.000736 -0.000146 0.040000
endloop
endfacet
facet normal -0.000016 0.000002 -1.000000
outer loop
vertex -0.000736 -0.000146 0.040000
vertex -0.000624 0.000417 0.040000
vertex -0.000146 0.000736 0.040000
endloop
endfacet
facet normal 0.000013 -0.000001 -1.000000
outer loop
vertex -0.000146 0.000736 0.040000
vertex 0.000736 0.000146 0.040000
vertex 0.000146 -0.000736 0.040000
endloop
endfacet
facet normal -0.000006 -0.000003 -1.000000
outer loop
vertex 0.000146 -0.000736 0.040000
vertex -0.000736 -0.000146 0.040000
vertex -0.000146 0.000736 0.040000
endloop
endfacet
endsolid Exported from Blender-2.80 (sub 75)
